--------------------------------------------------------------------
Testing that the singular states are valid solutions using IK solver:
--------------------------------------------------------------------

task =
 
[1, 1.7320508, 0]
 
 
ans =
 
[0, 3.0, 3.4591981]
 
    2.0000    2.0000    2.0000    2.0000   -0.0000   -0.0000   -0.0000   -0.0000
    3.0000    3.0000    1.0000    1.0000    3.0000    3.0000    1.0000    1.0000
    3.4592   -0.4592    3.4592   -0.4592    3.4592   -0.4592    3.4592   -0.4592

 
task =
 
[1, 1.7320508, 0]
 
 
ans =
 
[0, 3.0, -0.45919812]
 
    2.0000    2.0000    2.0000    2.0000   -0.0000   -0.0000   -0.0000   -0.0000
    3.0000    3.0000    1.0000    1.0000    3.0000    3.0000    1.0000    1.0000
    3.4592   -0.4592    3.4592   -0.4592    3.4592   -0.4592    3.4592   -0.4592

 
task =
 
[1, 0.1339746, 0]
 
 
ans =
 
[2.9955077, 0.0044923434, 1.5]
 
    2.9955    2.9955    2.9955    2.9955   -0.9955   -0.9955   -0.9955   -0.9955
    3.9955    3.9955    0.0045    0.0045    3.9955    3.9955    0.0045    0.0045
    1.5000    1.5000    1.5000    1.5000    1.5000    1.5000    1.5000    1.5000

 
task =
 
[1, 1.0669873, 0]
 
 
ans =
 
[-0.69160814, 0.30839186, 3.1916081]
 
    2.6916    2.6916    2.6916    2.6916   -0.6916   -0.6916   -0.6916   -0.6916
    3.6916    3.6916    0.3084    0.3084    3.6916    3.6916    0.3084    0.3084
    3.1916   -0.1916    3.1916   -0.1916    3.1916   -0.1916    3.1916   -0.1916

 
task =
 
[1, 1.0669873, 0]
 
 
ans =
 
[2.6916081, 3.6916081, -0.19160814]
 
    2.6916    2.6916    2.6916    2.6916   -0.6916   -0.6916   -0.6916   -0.6916
    3.6916    3.6916    0.3084    0.3084    3.6916    3.6916    0.3084    0.3084
    3.1916   -0.1916    3.1916   -0.1916    3.1916   -0.1916    3.1916   -0.1916

 
task =
 
[1, 0.1339746, 0]
 
 
ans =
 
[-0.99550766, 3.9955077, 1.5]
 
    2.9955    2.9955    2.9955    2.9955   -0.9955   -0.9955   -0.9955   -0.9955
    3.9955    3.9955    0.0045    0.0045    3.9955    3.9955    0.0045    0.0045
    1.5000    1.5000    1.5000    1.5000    1.5000    1.5000    1.5000    1.5000

---------------------------------------------------------------------------
Testing that at singular states Jx*x=0 holds, and find singular directions:
---------------------------------------------------------------------------

joints_sing_sols =
 
[          0,          3.0,   3.4591981]
[          0,          3.0, -0.45919812]
[  2.9955077, 0.0044923434,         1.5]
[-0.69160814,   0.30839186,   3.1916081]
[  2.6916081,    3.6916081, -0.19160814]
[-0.99550766,    3.9955077,         1.5]


task_sing_sols =
 
[1, 1.7320508, 0]
[1, 1.7320508, 0]
[1, 0.1339746, 0]
[1, 1.0669873, 0]
[1, 1.0669873, 0]
[1, 0.1339746, 0]


ans =
 
[0, 3.0, 3.4591981]
 

singular_direction =

    0.6124
   -0.3536
    0.7071

   1.0e-15 *

    0.2220
         0
    0.4441

 
ans =
 
[0, 3.0, -0.45919812]
 

singular_direction =

    0.6124
   -0.3536
    0.7071

   1.0e-15 *

         0
    0.4441
    0.4441

 
ans =
 
[2.9955077, 0.0044923434, 1.5]
 

singular_direction =

   -0.0300
   -0.4470
    0.8940

   1.0e-15 *

    0.0278
   -0.0555
   -0.2220

 
ans =
 
[-0.69160814, 0.30839186, 3.1916081]
 

singular_direction =

   -0.5335
    0.8458
   -0.0000

   1.0e-15 *

         0
    0.4738
    0.2525

 
ans =
 
[2.6916081, 3.6916081, -0.19160814]
 

singular_direction =

   -0.5335
   -0.8458
         0

   1.0e-15 *

    0.2220
    0.2220
         0

 
ans =
 
[-0.99550766, 3.9955077, 1.5]
 

singular_direction =

    0.0300
   -0.4470
    0.8940

   1.0e-15 *

    0.0278
   -0.0555
   -0.2220

>> 